$ANSIBLE_VAULT;1.1;AES256
64633135396131646563383834386565363761333665346532373463326664376639626437333636
3261303230666530363162386232656161653933393765310a633862643564363161373538663662
38393233373866653763396432346238366432613430626330346238363163356138396338333862
3037346230343565340a646539323330343266366236626633613262306363353635363365396430
65373134313631663861303366636462616161633361383038376539383663633337643561313461
64383462346232393265613938326333373336353061623662666431643565636135623731656631
30326634363039636239333536653436376438346564393938646264306132323537666630376435
31613964343066366530393430363765643636373266356564326131393032346335383164623864
31643239653231333530663130393461303036653766353862653165663062393539616130323837
30393034313661636266323032383630626262386131346232623266356436393233373463326532
35343063633833653366386435316332633366313362646262356464653963616238373731396262
61333164653133633737643632346137663865623263326164366532356133656463303730356138
65643232306333616431623966393134353435376331643132623566313665396266356539633335
37393366316136373963623262346266623936646236626561383035363932613839326634313362
61616464363737386433343065333233613835623462376666643739353862306364643637636532
35346464386166383863316632653035353061636635613136316561383262663532633435663966
31656138636566643233346461303133393533386532396530383534623962353861373633396430
35633330386438363331633935313265303534383131343930316430643532313665306432303765
61653037383437393534363935346538663935373735373261376662616366633239643438663031
64616437386137353361336463376361303539616562623239323935313964613238346631613237
32373362323461653462663461303862656266626365396535313930366330313733323030333561
35353138643665613830316238303066363432353462336535636431303239336130633132336566
65376663323462366466626331646630326631613737623133353534343837346532666534393334
35393734363066373265653364613930653434663638666232393734333836396131393034303836
63303736623062386437643966643064383336383935353033363634313439373831366630653435
34633934393563613836306539656337393436383164353761366135353331333461386366336636
32616366333565303764663632643832303534666433656562346665656265393264613761366362
35393430383461373733636631363132386636656536646235303338303065653563633230633234
37353836346638356564306237396132306661313464356663613732356131316532363261303938
34643030626263346532363735336666636163386532613837343262303038636535313330323138
65656561316638376531643438333037313332663065346532333630316161623364373538373931
36396330363330393330393634303963303936646665343339623736353639613839623339343839
35616534393232316639326132636166313438376538656237646462363062303464633335626663
3238393530663432656431303338643133313938333061343830
